50
0 5 42
0 25 29
1 19 10
0 34 10
1 6 1
0 44 48
1 15 34
0 39 27
0 21 36
0 37 21
1 32 25
0 24 6
0 40 9
1 30 23
1 6 43
0 38 11
0 6 49
0 5 12
0 49 2
0 21 38
0 1 27
1 35 6
0 2 39
0 5 21
0 37 38
1 29 41
1 19 41
1 18 10
1 31 11
0 5 37
1 32 49
1 14 49
0 26 15
0 28 8
1 35 23
1 43 13
1 47 22
1 32 6
0 15 13
0 2 8
0 11 21
1 46 15
1 29 25
0 45 6
1 19 13
0 4 23
1 46 1
0 19 22
0 19 45
1 48 27
1 1 17
1 17 2
1 32 19
0 20 11
0 6 13
1 43 46
1 37 32
1 48 3
1 32 37
1 26 7
0 47 28
1 45 38
0 5 15
0 20 30
1 32 47
1 44 6
1 48 10
1 15 34
0 3 29
1 1 4
1 8 41
0 12 18
1 8 33
1 34 21
1 48 49
0 1 37
1 8 23
0 41 21
1 5 3
1 49 31
1 46 3
1 8 40
1 34 35
1 21 39
1 47 24
0 10 37
0 35 36
0 18 11
0 20 37
0 47 35
1 9 35
1 15 31
0 39 10
0 21 48
0 21 16
0 21 41
0 4 47
0 4 45
0 36 9
0 47 46
1 33 29
0 33 2
1 40 46
0 1 34
1 37 45
0 34 36
0 19 48
0 2 9
0 5 15
1 42 47
1 14 49
0 23 9
1 39 19
1 36 19
1 7 12
1 20 42
1 18 23
1 32 14
1 27 36
0 2 37
0 30 36
1 43 22
1 1 35
0 24 18
0 24 29
1 49 50
1 6 2
0 36 31
1 45 38
0 35 2
1 27 46
1 8 40
0 5 32
0 8 11
1 30 12
0 8 37
0 6 44
1 36 2
0 40 28
0 5 36
0 6 31
0 46 41
1 26 48
1 26 40
1 29 4
1 14 39
0 7 39
0 7 14
1 44 19
0 25 10
1 24 3
1 4 41
1 27 32
0 36 35
0 27 42
0 20 42
0 25 17
1 15 23
0 20 47
1 23 1
0 34 13
1 18 48
0 30 45
0 39 22
1 44 49
1 32 36
1 21 36
1 48 39
0 37 28
1 36 34
0 27 14
0 33 12
0 5 9
0 32 7
1 14 33
0 50 24
0 42 8
1 32 45
1 32 15
1 44 10
0 7 17
1 36 6
0 25 19
1 47 7
0 29 45
1 16 12
0 10 40
0 14 32
1 24 9
1 23 14
1 10 3
0 35 29
0 27 39
1 10 30
1 27 9
0 42 2
1 37 48
0 30 20
0 13 49
1 33 8
1 12 21
1 3 17
1 48 31
1 50 49
0 19 30
0 47 48
0 30 43
0 43 21
1 43 50
1 41 5
0 8 39
0 33 46
0 47 49
0 27 8
0 41 15
0 24 33
0 25 35
1 22 6
1 21 44
0 7 42
0 4 11
0 42 34
1 34 35
0 17 7
0 11 26
0 44 33
0 38 31
1 23 16
1 36 38
1 19 28
1 25 16
1 3 4
0 1 47
0 41 29
0 50 18
1 28 8
0 27 15
0 21 33
0 25 36
0 19 39
0 8 15
0 20 29
1 25 28
0 32 1
0 8 43
1 33 23
0 50 49
1 19 22
1 43 44
0 36 44
1 22 23
0 9 18
0 36 27
0 32 11
1 11 21
0 30 13
1 36 41
1 37 32
1 8 47
1 3 1
0 14 38
1 45 47
1 16 50
0 24 4
0 3 22
1 15 13
0 2 25
1 1 15
1 32 9
0 49 14
0 6 19
1 50 18
0 11 28
0 34 2
0 38 21
0 48 10
0 10 15
0 22 29
0 32 42
0 48 23
1 37 24
1 1 9
0 12 24
0 24 33
1 43 35
0 39 14
1 23 34
0 10 12
0 49 1
1 37 33
0 34 39
1 43 2
0 19 41
0 35 5
1 30 27
0 9 23
1 50 26
1 15 31
0 25 5
1 8 38
1 6 41
0 26 14
0 35 27
0 37 48
1 40 36
1 17 16
1 48 21
1 37 29
0 11 31
1 3 2
0 43 40
0 43 14
1 40 44
0 28 37
0 14 31
0 38 12
1 27 18
1 44 27
1 39 38
0 13 34
0 50 31
1 20 25
1 30 32
0 15 41
1 6 15
1 50 10
1 33 16
1 41 37
0 12 29
1 3 38
0 24 5
0 33 32
0 30 33
0 40 33
1 19 34
1 2 26
1 15 32
1 13 32
1 23 1
1 11 49
1 14 31
1 19 12
0 22 39
0 4 41
1 3 49
1 19 37
1 27 18
1 8 38
1 18 2
1 29 50
1 10 32
1 28 18
0 20 25
0 12 50
0 5 7
0 32 37
1 37 29
0 26 35
1 26 31
0 44 28
0 18 8
1 22 10
1 24 49
0 44 6
0 7 4
0 23 26
0 43 2
0 5 35
1 27 33
1 34 18
0 3 50
0 45 42
1 41 2
0 50 17
0 15 17
1 12 34
1 29 25
0 10 28
0 29 22
0 24 7
0 44 47
0 48 7
1 10 1
1 49 10
1 4 27
1 36 24
0 44 47
0 17 11
0 26 4
0 30 38
1 12 47
1 25 40
0 39 8
1 18 26
1 9 46
0 17 45
0 34 13
1 10 15
1 16 36
0 19 28
0 24 36
0 39 29
1 30 35
0 32 5
0 30 44
1 11 34
1 37 19
1 2 39
0 23 7
0 25 31
1 34 38
0 47 31
0 28 11
0 40 48
0 4 24
0 26 32
1 40 27
0 39 50
1 8 12
0 35 29
1 43 33
0 28 24
0 19 16
1 47 35
0 10 25
0 38 5
1 49 24
1 11 9
0 48 13
1 2 27
1 38 9
1 49 46
1 20 9
1 29 24
1 45 35
1 18 27
1 28 7
0 27 45
1 26 22
1 13 26
1 34 6
1 42 25
0 19 25
1 37 18
0 8 31
1 48 22
0 17 43
1 27 18
1 15 7
1 48 38
0 27 13
1 22 2
0 20 40
0 39 18
0 48 4
1 1 29
0 36 43
0 34 33
0 23 2
0 9 20
0 7 11
0 4 9
1 15 2
1 10 32
1 26 45
0 7 1
1 23 12
0 44 36
0 11 6
1 2 39
1 42 29
1 46 23
1 22 30
0 39 50
1 4 11
0 9 50
0 48 27
1 31 37
0 32 3
0 24 8
0 35 16
1 12 15
0 47 31
1 20 38
0 16 49
1 32 30
1 26 7
1 10 48
1 16 1
1 5 6
0 34 39
0 17 20
1 10 23
0 18 12
0 44 27
1 3 5
0 36 34
1 17 8
1 4 36
-1 -1 -1